45.511697,-122.687081
45.511728,-122.687077
45.511769,-122.68707
45.51179,-122.687076
45.511779,-122.687109
45.511758,-122.687185
45.511758,-122.687259
45.511771,-122.687279
45.511803,-122.687296
45.511812,-122.6873
45.511804,-122.687294
45.511798,-122.687282
45.511797,-122.687279
45.511789,-122.687278
45.511783,-122.687279
45.511775,-122.687281
45.511773,-122.687282
45.511773,-122.687283
45.511772,-122.68728
45.511781,-122.687266
45.511784,-122.687248
45.511774,-122.687243
45.511764,-122.687238
45.511758,-122.687232
45.511755,-122.687226
45.511754,-122.687224
45.511753,-122.687223
45.511754,-122.687236
45.511755,-122.687256
45.511757,-122.687299
45.511769,-122.687349
45.511812,-122.687412
45.51186,-122.687448
45.51189,-122.687435
45.511896,-122.687404
45.511897,-122.687326
45.511888,-122.687245
45.511878,-122.687207
45.511832,-122.68715
45.51181,-122.68713
45.511795,-122.687082
45.511805,-122.687073
45.511832,-122.687062
45.511834,-122.687047
45.511818,-122.687035
45.511791,-122.68704
45.511756,-122.687055
45.511709,-122.687099
45.511614,-122.687165
45.511533,-122.687216
45.511499,-122.687262
45.511523,-122.687288
45.51155,-122.687338
45.511572,-122.68737
45.511638,-122.687425
45.511678,-122.687438
45.511757,-122.687446
45.511791,-122.687439
45.511831,-122.68742
45.511844,-122.687378
45.511837,-122.687309
45.511831,-122.687239
45.511822,-122.687197
45.511824,-122.687172
45.511841,-122.687146
45.511851,-122.687111
45.511847,-122.687092
45.511832,-122.687114
45.511821,-122.68716
45.511803,-122.687217
45.51179,-122.687248
45.511773,-122.68733
45.511758,-122.687411
45.511748,-122.68745
45.51172,-122.68751
45.511703,-122.68757
45.511704,-122.687649
45.511693,-122.687752
45.51168,-122.687797
45.511669,-122.687828
45.511659,-122.687847
45.511668,-122.687776
45.511673,-122.687733
45.511675,-122.687633
45.511673,-122.687559
45.511675,-122.687557
45.511694,-122.687559
45.511711,-122.68756
45.511726,-122.687548
45.511691,-122.687573
45.511682,-122.687584
45.511697,-122.687587
45.51171,-122.687581
45.511734,-122.687571
45.511767,-122.687564
45.511782,-122.68757
45.511784,-122.687578
45.511761,-122.687579
45.511679,-122.687556
45.511612,-122.687481
45.51159,-122.687424
45.511593,-122.687301
45.511606,-122.68724
45.511624,-122.687122
45.511629,-122.687067
45.511643,-122.686976
45.511652,-122.686958
45.511676,-122.686953
45.511702,-122.686942
45.511716,-122.686924
45.511724,-122.686919
45.511721,-122.686912
45.511717,-122.686909
45.511706,-122.686906
45.511695,-122.686928
45.511696,-122.686955
45.51171,-122.687013
45.511718,-122.687054
45.511716,-122.687057
45.511692,-122.687045
45.511682,-122.686995
45.511683,-122.686991
45.511698,-122.68705
45.51175,-122.687101
45.511806,-122.687126
45.511846,-122.68714
45.511882,-122.687193
45.511948,-122.687252
45.511976,-122.687266
45.512006,-122.687285
45.511982,-122.687273
45.511955,-122.687259
45.511947,-122.68726
45.511945,-122.687262
45.51194,-122.687264
45.511937,-122.687258
45.511907,-122.687264
45.511889,-122.687291
45.511883,-122.687312
45.511862,-122.687301
45.511856,-122.687289
45.511862,-122.687274
45.511868,-122.687262
45.511868,-122.687258
45.511868,-122.687258
45.511868,-122.68726
45.511868,-122.68726
45.511869,-122.68726
45.511869,-122.68726
45.511869,-122.687261
45.511869,-122.687261
45.511868,-122.687261
45.511868,-122.687261
45.511868,-122.687261
45.511868,-122.687261
45.511868,-122.68726
45.511873,-122.687241
45.51187,-122.687224
45.511859,-122.687215
45.511845,-122.687207
45.511819,-122.687202
45.511816,-122.687209
45.511836,-122.687209
45.51186,-122.687186
45.511883,-122.68713
45.511892,-122.687059
45.511891,-122.686994
45.511856,-122.686948
45.511833,-122.686944
45.511796,-122.686987
45.511782,-122.68702
45.511739,-122.687081
45.511699,-122.687071
45.511665,-122.687015
45.511631,-122.687043
45.511633,-122.687124
45.511641,-122.687157
45.511638,-122.687197
45.511637,-122.687202
45.511649,-122.68722
45.511659,-122.687234
45.511688,-122.687279
45.511723,-122.687333
45.511742,-122.687374
45.511775,-122.687387
45.511814,-122.687325
45.511846,-122.687259
45.511882,-122.687236
45.511892,-122.687215
45.511882,-122.687192
45.511863,-122.687187
45.511841,-122.687204
45.511847,-122.687262
45.511856,-122.687299
45.511858,-122.687382
45.511847,-122.687431
45.511861,-122.687453
45.511881,-122.687505
45.511902,-122.687602
45.511898,-122.68765
45.511874,-122.687626
45.511866,-122.687521
45.511871,-122.687466
45.511886,-122.687349
45.511888,-122.687261
45.511883,-122.687225
45.511876,-122.687161
45.511869,-122.687102
45.511865,-122.687083
45.511861,-122.687073
45.511859,-122.68707
45.511859,-122.687058
45.511856,-122.687024
45.511847,-122.687005
45.511835,-122.68699
45.511813,-122.686967
45.5118,-122.68696
45.511766,-122.686951
45.511745,-122.686949
45.511704,-122.686946
45.511669,-122.68694
45.511643,-122.68694
45.511632,-122.68694
45.511622,-122.686926
45.511622,-122.686913
45.511623,-122.686885
45.511629,-122.686859
45.511631,-122.686886
45.511629,-122.686906
45.511626,-122.686908
45.511623,-122.686917
45.511621,-122.686928
45.511618,-122.686931
45.511614,-122.686944
45.511613,-122.686952
45.511613,-122.686959
45.511613,-122.686962
45.511613,-122.686963
45.511614,-122.686964
45.511614,-122.686965
45.511598,-122.687008
45.511582,-122.687076
45.511577,-122.687109
45.511585,-122.687154
45.511595,-122.687162
45.511605,-122.687189
45.511609,-122.687219
45.511605,-122.687254
45.511609,-122.687262
45.511621,-122.687288
45.511634,-122.687319
45.511638,-122.687345
45.51163,-122.687408
45.511626,-122.687439
45.511623,-122.687472
45.511622,-122.687515
45.511625,-122.687597
45.511629,-122.687636
45.511639,-122.687696
45.511659,-122.687721
45.511672,-122.687733
45.511674,-122.687738
45.511679,-122.687739
45.511682,-122.687738
45.51169,-122.687721
45.511696,-122.687691
45.511721,-122.687675
45.511749,-122.687615
45.511756,-122.687567
45.511761,-122.68752
45.511775,-122.687429
45.511784,-122.687384
45.511806,-122.687309
45.511822,-122.68728
45.511841,-122.687261
45.511853,-122.68726
45.511885,-122.687257
45.511899,-122.687247
45.511904,-122.687239
45.511891,-122.68721
45.511884,-122.687185
45.511867,-122.687201
45.511851,-122.68724
45.511841,-122.687268
45.511829,-122.687266
45.511842,-122.68726
45.511861,-122.687263
45.511853,-122.687276
45.511853,-122.687306
45.511865,-122.687308
45.511869,-122.687297
45.511866,-122.687263
45.51186,-122.687217
45.511852,-122.687186
45.511822,-122.687149
45.511799,-122.687163
45.511774,-122.687202
45.511776,-122.687252
45.511788,-122.687272
45.511814,-122.687285
45.511831,-122.687299
45.511884,-122.687356
45.511942,-122.687419
45.511994,-122.687491
45.512032,-122.68756
45.512042,-122.687576
45.512035,-122.68759
45.512002,-122.687546
45.511983,-122.687534
45.511949,-122.687521
45.511911,-122.687504
45.511897,-122.687478
45.511889,-122.687417
45.511888,-122.687392
45.511877,-122.687375
45.511868,-122.687387
45.511877,-122.687404
45.511891,-122.687414
45.511886,-122.68742
45.51187,-122.687421
45.511855,-122.687421
45.511842,-122.687422
45.511838,-122.687421
45.511834,-122.687419
45.511832,-122.687418
45.511832,-122.687418
45.511831,-122.687417
45.511824,-122.687413
45.511808,-122.687404
45.511741,-122.687398
45.511676,-122.687417
45.511659,-122.687435
45.511661,-122.687447
45.511687,-122.68745
45.511707,-122.687452
45.511747,-122.687472
45.51177,-122.687491
45.511786,-122.687492
45.511817,-122.687503
45.511842,-122.687529
45.511852,-122.687533
45.51186,-122.687488
45.51185,-122.687439
45.511836,-122.687386
45.511816,-122.687323
45.511787,-122.687245
45.511781,-122.687264
45.511784,-122.68729
45.511781,-122.687344
45.511769,-122.687388
45.511772,-122.687406
45.51178,-122.687431
45.511796,-122.687434
45.511827,-122.687424
45.511873,-122.687362
45.511896,-122.687331
45.511937,-122.68728
45.511929,-122.687176
45.5119,-122.687039
45.511872,-122.686934
45.511818,-122.686863
45.511752,-122.686842
45.511718,-122.686911
45.511713,-122.686995
45.511713,-122.68703
45.511718,-122.68708
45.511716,-122.687126
45.511718,-122.687149
45.511728,-122.68719
45.511755,-122.687221
45.511785,-122.68726
45.511796,-122.687281
45.511822,-122.687308
45.511855,-122.6873
45.511881,-122.687274
45.511877,-122.687239
45.51183,-122.687229
45.511767,-122.68723
45.511717,-122.687229
45.511707,-122.687252
45.511727,-122.6873
45.511755,-122.687344
45.511775,-122.68736
45.511799,-122.687369
45.51185,-122.687368
45.511894,-122.687373
45.511918,-122.687371
45.511905,-122.687321
45.511884,-122.687283
45.511881,-122.687263
45.511882,-122.687229
45.511864,-122.687216
45.511852,-122.68721
45.511873,-122.687207
45.511884,-122.687216
45.511893,-122.687229
45.511898,-122.68724
45.511894,-122.687245
45.511894,-122.687253
45.511896,-122.687256
45.511898,-122.687258
45.511898,-122.687261
45.511897,-122.687262
45.511897,-122.687262
45.511897,-122.687262
45.511897,-122.687262
45.511897,-122.687262
45.511874,-122.68727
45.511838,-122.687276
45.511799,-122.68727
45.511765,-122.687266
45.511771,-122.687247
45.511788,-122.687238
45.511794,-122.687232
45.511772,-122.687245
45.511767,-122.687251
45.511761,-122.687261
45.511759,-122.68727
45.511759,-122.687278
45.511758,-122.687285
45.511759,-122.687287
45.511759,-122.687289
45.511765,-122.687303
45.511766,-122.687371
45.51178,-122.687397
45.5118,-122.687409
45.511817,-122.687395
45.511833,-122.687337
45.511839,-122.687282
45.511841,-122.687267
45.511854,-122.687288
45.511856,-122.687334
45.511863,-122.687343
45.511873,-122.687322
45.511881,-122.687288
45.511885,-122.687229
45.511907,-122.687171
45.511925,-122.687189
45.511927,-122.6872
45.511933,-122.687207
45.511926,-122.687199
45.511914,-122.687208
45.51191,-122.687217
45.511907,-122.687227
45.511903,-122.687238
45.511902,-122.687241
45.511911,-122.687241
45.511943,-122.687248
45.511969,-122.687253
45.511977,-122.687247
45.511978,-122.687221
45.51197,-122.68716
45.511982,-122.687104
45.511989,-122.687055
45.511971,-122.687032
45.511923,-122.687069
45.51189,-122.687082
45.511826,-122.687085
45.511784,-122.687113
45.511769,-122.687132
45.511752,-122.687153
45.511756,-122.687164
45.511757,-122.687157
45.511756,-122.687154
45.511755,-122.687161
45.511762,-122.687188
45.511815,-122.687308
45.511872,-122.687355
45.511903,-122.687343
45.511934,-122.687298
45.511885,-122.687289
45.511846,-122.68731
45.511811,-122.687329
45.511754,-122.687342
45.511717,-122.68734
45.51169,-122.687339
45.511655,-122.687352
45.511647,-122.687337
45.511664,-122.687322
45.511686,-122.687288
45.511689,-122.687249
45.511688,-122.687226
45.511678,-122.6872
45.511678,-122.687194
45.511685,-122.687214
45.511692,-122.687255
45.511695,-122.687276
45.511702,-122.687296
45.511711,-122.687314
45.511725,-122.687349
45.511728,-122.687367
45.511728,-122.687405
45.511734,-122.687442
45.511739,-122.68748
45.511748,-122.68749
45.51175,-122.687491
45.511758,-122.68748
45.511766,-122.687478
45.511771,-122.68749
45.511786,-122.687476
45.511791,-122.687473
45.511806,-122.687514
45.511813,-122.687534
45.511841,-122.687541
45.511854,-122.687547
45.51185,-122.687574
45.511839,-122.68757
45.511836,-122.687574
45.511835,-122.687576
45.511837,-122.68758
45.511844,-122.687585
45.511852,-122.687607
45.511872,-122.687598
45.51191,-122.687579
45.511936,-122.687594
45.511917,-122.687629
45.511895,-122.687647
45.511868,-122.687629
45.511856,-122.687613
45.511838,-122.68758
45.511834,-122.687533
45.511844,-122.687485
45.511835,-122.687447
45.511824,-122.687417
45.511819,-122.687383
45.511815,-122.687343
45.51182,-122.687321
45.511835,-122.687283
45.511843,-122.687244
45.511839,-122.68723
45.511824,-122.687221
45.511833,-122.68725
45.51184,-122.687251
45.511838,-122.687244
45.51183,-122.687248
45.511827,-122.68725
45.511826,-122.68725
45.511825,-122.687254
45.511834,-122.687255
45.511866,-122.687263
45.511906,-122.687272
45.511919,-122.687276
45.511928,-122.687269
45.511884,-122.687256
45.511822,-122.687306
45.511755,-122.687408
45.511725,-122.687452
45.511658,-122.6875
45.511591,-122.687514
45.511552,-122.68755
45.511584,-122.687578
45.511601,-122.687579
45.511612,-122.68755
45.511609,-122.687558
45.511613,-122.687601
45.511624,-122.68766
45.511636,-122.687679
45.51166,-122.687663
45.511659,-122.687644
45.511669,-122.687619
45.511679,-122.687604
45.511681,-122.6876
45.51168,-122.687596
45.511675,-122.687591
45.511689,-122.687574
45.511699,-122.687565
45.511712,-122.687555
45.511742,-122.687529
45.511751,-122.687491
45.511748,-122.687442
45.511751,-122.6874
45.511755,-122.687392
45.511764,-122.687404
45.511789,-122.687455
45.511833,-122.687559
45.511854,-122.687595
45.511875,-122.687611
45.511882,-122.687582
45.51187,-122.687542
45.511857,-122.687496
45.511847,-122.68745
45.511842,-122.687406
45.511836,-122.687362
45.511852,-122.687373
45.511864,-122.687393
45.511878,-122.687403
45.51189,-122.687381
45.511889,-122.687366
45.511888,-122.687336
45.511884,-122.687306
45.511879,-122.68729
45.511871,-122.687253
45.511863,-122.687211
45.511847,-122.687176
45.511833,-122.687142
45.511821,-122.687112
45.511791,-122.687109
45.511757,-122.68714
45.51173,-122.687228
45.511749,-122.687325
45.511772,-122.687365
45.51182,-122.68737
45.511809,-122.687308
45.511782,-122.687279
45.51172,-122.687242
45.511697,-122.687219
45.511666,-122.68717
45.511627,-122.687147
45.511597,-122.687165
45.511591,-122.687183
45.511611,-122.687213
45.511625,-122.687224
45.511641,-122.687238
45.511676,-122.687257
45.511708,-122.687265
45.51173,-122.687271
45.511751,-122.687271
45.511768,-122.687268
45.511779,-122.687253
45.511771,-122.687196
45.511764,-122.687163
45.511752,-122.687081
45.51176,-122.687044
45.511766,-122.687036
45.511776,-122.687012
45.511771,-122.686973
45.511764,-122.686957
45.511754,-122.686948
45.511737,-122.686965
45.511723,-122.68699
45.511715,-122.687002
45.511691,-122.687024
45.511666,-122.68705
45.511635,-122.687097
45.511609,-122.687166
45.511607,-122.687241
45.511614,-122.687274
45.511655,-122.687318
45.511682,-122.687325
45.511688,-122.687347
45.511682,-122.687382
45.51165,-122.687368
45.511638,-122.68734
45.511632,-122.687311
45.511631,-122.687255
45.511651,-122.687216
45.511664,-122.687207
45.511693,-122.687215
45.511701,-122.687253
45.511721,-122.68727
45.51173,-122.68727
45.511718,-122.687237
45.511695,-122.687235
45.511672,-122.687239
45.511643,-122.687254
45.511607,-122.687279
45.511604,-122.687259
45.511607,-122.687239
45.511599,-122.687232
