45.511823,-122.687469
45.511824,-122.687475
45.511823,-122.687473
45.511822,-122.687464
45.511819,-122.687441
45.511815,-122.687408
45.511812,-122.687391
45.511807,-122.68736
45.511802,-122.687348
45.511788,-122.687329
45.511781,-122.687323
45.511782,-122.687332
45.511784,-122.687334
45.51179,-122.687337
45.51179,-122.687337
45.511793,-122.687343
45.511795,-122.687346
45.511797,-122.687344
45.511798,-122.687343
45.511798,-122.687338
45.511818,-122.687324
45.511875,-122.687345
45.511934,-122.687383
45.511977,-122.687407
45.51198,-122.687422
45.511979,-122.687428
45.511963,-122.687393
45.511946,-122.687358
45.51191,-122.687228
45.511898,-122.687166
45.511884,-122.687053
45.511886,-122.687006
45.511901,-122.686999
45.51189,-122.687049
45.51188,-122.687083
45.511884,-122.687144
45.511902,-122.687177
45.511936,-122.687183
45.511988,-122.687112
45.51191,-122.686919
45.51188,-122.686832
45.511871,-122.686741
45.511823,-122.68674
45.511799,-122.686735
45.51178,-122.68676
45.511781,-122.68677
45.511791,-122.686792
45.511809,-122.686817
45.511817,-122.686855
45.511822,-122.686893
45.511824,-122.68693
45.511824,-122.686967
45.511824,-122.686985
45.511824,-122.687004
45.511831,-122.687041
45.511837,-122.68706
45.51184,-122.687099
45.511838,-122.687117
45.511837,-122.687136
45.511839,-122.687174
45.511842,-122.68721
45.511842,-122.687245
45.511842,-122.687282
45.511841,-122.687299
45.511838,-122.687329
45.511827,-122.687338
45.511803,-122.687349
45.511777,-122.687352
45.511761,-122.687329
45.511766,-122.687316
45.511767,-122.687312
45.511778,-122.687309
45.5118,-122.687319
45.511828,-122.687298
45.51184,-122.687278
45.511841,-122.687231
45.51183,-122.687217
45.511841,-122.687186
45.51185,-122.687162
45.511854,-122.687104
45.511843,-122.687068
45.511814,-122.686983
45.511778,-122.686901
45.511744,-122.686887
45.511737,-122.686901
45.511753,-122.686943
45.511763,-122.686961
45.511771,-122.687006
45.511746,-122.687036
45.511731,-122.687046
45.511717,-122.687053
45.511695,-122.687051
45.511685,-122.686998
45.511666,-122.686953
45.51164,-122.686967
45.511621,-122.687014
45.511614,-122.687036
45.511606,-122.687058
45.511603,-122.687079
45.511603,-122.687125
45.511598,-122.687151
45.511592,-122.687123
45.511612,-122.687161
45.511629,-122.687158
45.511637,-122.68712
45.511625,-122.687119
45.511625,-122.687148
45.511636,-122.687199
45.511673,-122.687245
45.511695,-122.687265
45.511717,-122.687283
45.511734,-122.687312
45.511767,-122.687387
45.511776,-122.687417
45.511782,-122.687444
45.511803,-122.687438
45.511822,-122.687431
45.511843,-122.687424
45.51186,-122.687426
45.511867,-122.687424
45.51187,-122.687422
45.511871,-122.687419
45.511869,-122.68742
45.511864,-122.687422
45.511862,-122.687423
45.511861,-122.687424
45.51186,-122.687424
45.511863,-122.687424
45.511857,-122.687424
45.51185,-122.687416
45.511837,-122.687399
45.511822,-122.687385
45.511806,-122.687362
45.511799,-122.687346
45.511777,-122.687326
45.511752,-122.687311
45.511762,-122.687271
45.511815,-122.68723
45.51187,-122.687186
45.511878,-122.687152
45.511873,-122.687093
45.511892,-122.687034
45.511896,-122.686999
45.511868,-122.686932
45.511846,-122.686908
45.511825,-122.686886
45.511786,-122.686848
45.511771,-122.68684
45.511774,-122.686854
45.511804,-122.686894
45.511809,-122.68692
45.511816,-122.686922
45.511817,-122.686928
45.511809,-122.686941
45.511804,-122.686944
45.511795,-122.686945
45.511785,-122.686946
45.511762,-122.686953
45.511752,-122.686962
45.511741,-122.686972
45.511724,-122.686987
45.511717,-122.687017
45.511737,-122.687073
45.51175,-122.687088
45.511774,-122.687118
45.511783,-122.687128
45.511793,-122.687123
45.511799,-122.687109
45.511814,-122.687088
45.511823,-122.687079
45.511832,-122.687066
45.511803,-122.687084
45.511778,-122.687104
45.51176,-122.687113
45.511724,-122.687123
45.511723,-122.687094
45.51175,-122.687044
45.51176,-122.687026
45.511772,-122.68702
45.511777,-122.68704
45.511776,-122.687043
45.511773,-122.687048
45.511769,-122.687059
45.511763,-122.687058
45.51174,-122.687029
45.511731,-122.687023
45.511737,-122.687046
45.511739,-122.687055
45.511722,-122.687096
45.511728,-122.687173
45.511727,-122.687289
45.511727,-122.687347
45.511739,-122.68743
45.511754,-122.68745
45.511758,-122.687464
45.511737,-122.687487
45.511695,-122.687473
45.511674,-122.687417
45.511669,-122.687289
45.511654,-122.687238
45.511654,-122.687303
45.511663,-122.687362
45.511675,-122.687421
45.511718,-122.687484
45.511739,-122.687468
45.511776,-122.687415
45.511812,-122.68736
45.511837,-122.687353
45.511862,-122.687364
45.511868,-122.687375
45.511862,-122.68741
45.51184,-122.687407
45.51181,-122.687379
45.511788,-122.687349
45.511786,-122.68733
45.511789,-122.687282
45.511787,-122.687259
45.511782,-122.687237
45.511782,-122.687204
45.511781,-122.687111
45.511753,-122.686951
45.511763,-122.686889
45.511783,-122.686858
45.511785,-122.686842
45.511795,-122.686834
45.511812,-122.686815
45.511835,-122.686786
45.511849,-122.686771
45.51188,-122.686717
45.511872,-122.686669
45.511837,-122.686645
45.511834,-122.686643
45.511832,-122.686642
45.511838,-122.686653
45.511839,-122.686655
45.511838,-122.686655
45.511832,-122.686676
45.511833,-122.686741
45.511828,-122.686781
45.511806,-122.686851
45.511777,-122.686886
45.511766,-122.68688
45.511758,-122.686889
45.511735,-122.686916
45.511713,-122.686949
45.511702,-122.686967
45.511682,-122.687006
45.511685,-122.68704
45.511697,-122.687054
45.511706,-122.687072
45.51172,-122.68711
45.511727,-122.687129
45.511744,-122.687167
45.511749,-122.687189
45.511764,-122.687233
45.511773,-122.687251
45.511783,-122.687286
45.51178,-122.687304
45.511785,-122.68731
45.511826,-122.687327
45.511859,-122.687348
45.511893,-122.687371
45.511923,-122.687397
45.51196,-122.687464
45.511955,-122.687491
45.511945,-122.687513
45.511935,-122.687531
45.511922,-122.687551
45.51191,-122.687562
45.511904,-122.687561
45.511898,-122.687569
45.511894,-122.687595
45.511881,-122.687607
45.511848,-122.687626
45.511843,-122.68763
45.511839,-122.687638
45.511841,-122.687635
45.511839,-122.687635
45.511841,-122.687646
45.511844,-122.687654
45.511841,-122.687655
45.511842,-122.687653
45.51184,-122.687624
45.511845,-122.687572
45.511846,-122.68755
45.511841,-122.687539
45.511836,-122.687526
45.511836,-122.687521
45.511837,-122.687517
45.511859,-122.687476
45.511883,-122.687447
45.511918,-122.687411
45.511993,-122.68735
45.512033,-122.687323
45.511997,-122.687342
45.511964,-122.68735
45.511953,-122.687357
45.511945,-122.687389
45.511945,-122.687434
45.511951,-122.687477
45.511961,-122.687502
45.511978,-122.687559
45.511978,-122.687585
45.511965,-122.687599
45.511954,-122.687611
45.511943,-122.687642
45.511934,-122.687648
45.511933,-122.687647
45.511936,-122.687678
45.511915,-122.687708
45.511896,-122.687704
45.511876,-122.6877
45.51183,-122.687711
45.511789,-122.687735
45.511769,-122.687745
45.511773,-122.687728
45.511805,-122.687731
45.511821,-122.687721
45.511841,-122.687686
45.511854,-122.687658
45.51186,-122.687672
45.511842,-122.687698
45.51186,-122.687692
45.511902,-122.687659
45.511962,-122.687601
45.511998,-122.687558
45.512021,-122.687562
45.512037,-122.687578
45.512053,-122.687635
45.512049,-122.687683
45.512035,-122.68761
45.51201,-122.68755
45.51199,-122.687534
45.511962,-122.687545
45.511955,-122.687566
45.511927,-122.687586
45.511909,-122.687585
45.511878,-122.687554
45.511859,-122.687511
45.511846,-122.687471
45.511837,-122.687435
45.511857,-122.687391
45.511883,-122.687353
45.511915,-122.68729
45.511906,-122.687206
45.51185,-122.687123
45.511772,-122.687098
45.511732,-122.687134
45.511605,-122.687339
45.511584,-122.687431
45.511589,-122.687541
45.511632,-122.687588
45.511678,-122.687654
45.511731,-122.687645
45.511743,-122.687582
45.511752,-122.687485
45.511767,-122.687382
45.511781,-122.687334
45.511815,-122.687274
45.511835,-122.687243
45.511868,-122.687177
45.511889,-122.687149
45.511902,-122.687137
45.511906,-122.687109
45.511907,-122.68709
45.511908,-122.687075
45.511903,-122.687037
45.511899,-122.687013
45.511889,-122.686991
45.511867,-122.686951
45.511855,-122.686934
45.51182,-122.686921
45.511797,-122.686939
45.511743,-122.687016
45.51169,-122.687108
45.511671,-122.687153
45.511659,-122.687195
45.511638,-122.687233
45.511625,-122.687239
45.511605,-122.687245
45.511592,-122.687221
45.511591,-122.687205
45.511602,-122.68718
45.511613,-122.687178
45.511623,-122.687177
45.511633,-122.68718
45.51165,-122.687191
45.511696,-122.687167
45.511737,-122.68713
45.511784,-122.687062
45.511801,-122.687034
45.511788,-122.687073
45.511755,-122.687154
45.511728,-122.68725
45.511716,-122.687278
45.511699,-122.687293
45.511696,-122.687234
45.511694,-122.687239
45.511689,-122.68725
45.511684,-122.687262
45.511682,-122.687268
45.511676,-122.68728
45.51168,-122.687277
45.511682,-122.68729
45.511671,-122.687323
45.511656,-122.687328
45.511649,-122.687317
45.511643,-122.687294
45.511636,-122.687296
45.511653,-122.687282
45.511661,-122.687302
45.511655,-122.687337
45.511642,-122.687461
45.511639,-122.687522
45.511625,-122.687604
45.511624,-122.687627
45.511633,-122.68764
45.511646,-122.687651
45.511666,-122.687677
45.511673,-122.687721
45.511675,-122.687738
45.511671,-122.687751
45.511681,-122.687715
45.51169,-122.687692
45.511696,-122.687663
45.511704,-122.687499
45.511735,-122.687462
45.511744,-122.687469
45.511751,-122.687481
45.511745,-122.687517
45.511724,-122.687547
45.511716,-122.687558
45.511707,-122.687582
45.511723,-122.687608
45.511729,-122.687612
45.51172,-122.68761
45.511718,-122.687586
45.511725,-122.687565
45.511762,-122.687535
45.511795,-122.687507
45.511813,-122.68749
45.511826,-122.687475
45.511832,-122.68751
45.511811,-122.68758
45.511782,-122.687637
45.511759,-122.687679
45.511739,-122.687715
45.511734,-122.687762
45.511757,-122.687764
45.511782,-122.687745
45.511825,-122.687711
45.511841,-122.687701
45.511854,-122.687711
45.511845,-122.687713
45.511837,-122.687719
45.511822,-122.687716
45.511819,-122.687732
45.511824,-122.687742
45.511817,-122.687755
45.511818,-122.687741
45.511826,-122.687731
45.511838,-122.687723
45.511867,-122.68771
45.511895,-122.687696
45.511907,-122.687683
45.511922,-122.687648
45.51193,-122.68761
45.511936,-122.687591
45.511936,-122.687567
45.511937,-122.687544
45.511936,-122.687496
45.511933,-122.687474
45.511928,-122.687454
45.511916,-122.687439
45.511881,-122.687423
45.511844,-122.687382
45.511816,-122.68734
45.511777,-122.687302
45.511742,-122.687263
45.511725,-122.687247
45.511681,-122.687261
45.511658,-122.687289
45.51164,-122.687371
45.511652,-122.687407
45.511681,-122.687435
45.511699,-122.687435
45.511705,-122.687442
45.511709,-122.687456
45.511741,-122.687461
45.511777,-122.687447
45.511794,-122.687443
45.511813,-122.687444
45.511877,-122.687438
45.511899,-122.687423
45.511909,-122.687363
45.511881,-122.687335
45.511847,-122.687314
45.51183,-122.687306
45.511811,-122.687298
45.511786,-122.687302
45.511711,-122.687363
45.511653,-122.687441
45.511606,-122.687519
45.511588,-122.687617
45.511547,-122.687635
45.511536,-122.687539
45.511538,-122.687511
45.511556,-122.687522
45.511587,-122.687522
45.511598,-122.687508
45.511606,-122.687509
45.511611,-122.687523
45.511634,-122.687553
45.511657,-122.687553
45.511681,-122.687544
45.511732,-122.687527
45.511788,-122.687505
45.511812,-122.687488
45.511845,-122.687437
45.511853,-122.687405
45.511833,-122.687347
45.511807,-122.687341
45.511771,-122.687375
45.511823,-122.687392
45.511855,-122.687387
45.511914,-122.687389
45.511962,-122.687323
45.511975,-122.687218
45.51196,-122.687129
45.511934,-122.687084
45.511903,-122.687089
45.511887,-122.687093
45.511863,-122.687075
45.511856,-122.687045
45.511852,-122.68703
45.511839,-122.687003
45.511829,-122.686994
45.511814,-122.686974
45.51181,-122.686977
45.511809,-122.686993
45.511808,-122.687011
45.511807,-122.687046
45.511802,-122.687069
45.511796,-122.687091
45.511781,-122.687134
45.511775,-122.687168
45.511782,-122.687173
45.511796,-122.687173
45.511816,-122.687191
45.511832,-122.687212
45.511934,-122.687255
45.512044,-122.687147
45.511983,-122.687182
45.511967,-122.687195
45.511955,-122.687206
45.511957,-122.687252
45.511944,-122.687303
45.511981,-122.687376
45.511978,-122.687416
45.511958,-122.687413
45.511925,-122.687396
45.511904,-122.687394
45.511897,-122.687395
45.511879,-122.687415
45.51187,-122.687428
45.511861,-122.687439
45.511866,-122.687442
45.511876,-122.687448
45.511875,-122.687458
45.511862,-122.687475
45.511856,-122.68749
45.511838,-122.687538
45.511814,-122.687572
45.511821,-122.687533
45.511837,-122.687508
45.511852,-122.687439
45.511827,-122.687335
45.511816,-122.687307
45.511812,-122.68728
45.511806,-122.687254
45.511805,-122.687215
45.511815,-122.687186
45.511795,-122.687188
45.511788,-122.687188
45.511784,-122.687188
45.511778,-122.687184
45.511769,-122.687192
45.511761,-122.687218
45.511766,-122.687253
45.51176,-122.687283
45.511765,-122.687292
45.511792,-122.687264
45.511796,-122.68725
45.511798,-122.687236
45.511792,-122.687233
45.511794,-122.687224
45.511796,-122.687217
45.511807,-122.687224
45.511857,-122.687286
45.511917,-122.687332
45.511945,-122.687354
45.511945,-122.687371
45.511921,-122.687392
45.511932,-122.687412
45.511949,-122.687414
45.511963,-122.687404
45.511958,-122.687372
45.511944,-122.68738
45.51193,-122.687396
45.51188,-122.687494
45.51187,-122.687574
45.511876,-122.687617
45.511886,-122.687626
45.511907,-122.687633
45.511912,-122.687631
45.511923,-122.687639
45.511927,-122.68764
45.511925,-122.687642
45.511928,-122.687639
45.511929,-122.687637
45.51193,-122.687638
45.511928,-122.687637
45.511929,-122.687638
45.511929,-122.687638
45.511944,-122.68763
45.511978,-122.687609
45.511973,-122.687587
45.511927,-122.687596
45.511896,-122.687617
45.51188,-122.687596
45.511882,-122.687578
45.511891,-122.687553
45.51189,-122.687543
45.511883,-122.687512
45.511879,-122.687496
45.511877,-122.687477
45.511873,-122.687459
45.511865,-122.68742
45.51186,-122.687401
45.511852,-122.687362
45.511841,-122.687324
45.511835,-122.687305
45.511811,-122.687282
45.511799,-122.687276
45.51179,-122.687283
45.511782,-122.687287
45.51179,-122.687302
45.511796,-122.687313
45.511798,-122.687323
45.511787,-122.687347
45.511788,-122.687373
45.511806,-122.687412
45.511827,-122.687402
45.511842,-122.687388
45.511893,-122.687349
45.511911,-122.687347
45.511895,-122.687454
45.511873,-122.687495
45.511818,-122.687513
45.511813,-122.68748
45.511808,-122.687472
45.51181,-122.687449
45.511815,-122.687411
45.511821,-122.687307
45.51182,-122.687256
45.511813,-122.687212
45.511797,-122.687175
45.51176,-122.687135
45.511747,-122.687141
45.511741,-122.687151
45.511743,-122.687178
45.51175,-122.687208
45.511755,-122.687225
45.511761,-122.687242
45.511767,-122.687259
45.511782,-122.687313
45.511799,-122.687347
45.511808,-122.687364
45.511825,-122.6874
45.51183,-122.687421
45.511837,-122.687453
45.511832,-122.687437
45.51182,-122.687423
45.511811,-122.687407
45.511801,-122.687369
45.511797,-122.68735
45.511796,-122.687329
45.511817,-122.687293
45.51185,-122.687268
45.511905,-122.687234
45.511916,-122.687263
45.511912,-122.687281
45.511918,-122.687303
45.511933,-122.687316
45.511977,-122.687254
45.511997,-122.687155
45.511995,-122.687121
45.51197,-122.687092
45.511945,-122.687108
45.511925,-122.687108
45.51188,-122.687102
45.511838,-122.687108
45.511819,-122.687119
45.511802,-122.68713
45.51177,-122.687152
45.511736,-122.687141
45.511701,-122.687125
45.511675,-122.687098
45.511644,-122.687061
45.511621,-122.687041
45.511565,-122.686979
45.511534,-122.686931
45.511531,-122.686972
45.511539,-122.687007
45.511549,-122.687037
45.511571,-122.687085
45.511583,-122.687104
45.511586,-122.687143
45.511549,-122.687128
45.511529,-122.687097
45.511542,-122.687091
45.511569,-122.687115
45.511598,-122.687129
45.511612,-122.68713
45.511636,-122.687144
45.511648,-122.687149
45.511672,-122.687154
45.511692,-122.687151
45.511712,-122.687133
45.511725,-122.687127
45.511748,-122.687128
45.511758,-122.687133
45.511777,-122.687152
45.51179,-122.687177
45.511808,-122.687199
45.511831,-122.687215
45.511843,-122.687219
45.511856,-122.687222
45.511883,-122.68723
45.511912,-122.687232
45.511938,-122.687227
45.511965,-122.687216
45.511978,-122.687208
45.512002,-122.687182
45.512024,-122.687176
45.512035,-122.687178
45.512056,-122.68719
45.512073,-122.687213
45.51208,-122.687243
45.512071,-122.687251
45.512072,-122.687229
45.512073,-122.687223
45.512077,-122.687225
45.512077,-122.687227
45.512076,-122.687226
45.512077,-122.687225
45.512077,-122.687225
45.51208,-122.687226
45.512077,-122.687224
45.512077,-122.687224